Maximum=502.340000
Minimum=-1424.100000
